PERIOD:       0.6015 | LENGTH:      52.1500 | SIMULATED TIME:       0.9144 | NPS:     459.0000
      TIME         U            AOAWBTOT     AOAWB        AOAWB_G      AOAHT        AOAHT_G      NX           NZ           
     0.00200       0.0005      -8.7019     -19.5486      10.8467      12.9535      10.8467       0.0616       1.6318
     0.00400       0.0020     -19.2765     -19.5386       0.2620     -13.4523       0.2620       1.3632      -5.9013
     0.00600       0.0045     -19.2695     -19.5407       0.2713     -13.4334       0.2713       1.3615      -5.8961
     0.00800       0.0081     -19.8100     -19.5429      -0.2671     -13.4405      -0.2671       1.3619      -5.8979
     0.01000       0.0126     -19.2697     -19.5353       0.2657     -13.4420       0.2657       1.3621      -5.8984
     0.01200       0.0182     -19.2663     -19.5375       0.2713     -13.4311       0.2713       1.3611      -5.8955
     0.01400       0.0247     -19.2684     -19.5397       0.2713     -13.4326       0.2713       1.3614      -5.8959
     0.01600       0.0323     -19.2706     -19.5419       0.2713     -13.4341       0.2713       1.3616      -5.8964
     0.01800       0.0408     -19.2728     -19.5440       0.2713     -13.4356       0.2713       1.3618      -5.8968
     0.02000       0.0504     -19.2750     -19.5462       0.2713     -13.4371       0.2713       1.3620      -5.8973
     0.02200       0.0610     -19.2771     -19.5484       0.2713     -13.4386       0.2713       1.3622      -5.8978
     0.02400       0.0726     -19.2793     -19.5506       0.2713     -13.4401       0.2713       1.3625      -5.8982
     0.02600       0.0851     -19.2815     -19.5528       0.2713     -13.4416       0.2713       1.3627      -5.8987
     0.02800       0.0987     -19.2837     -19.5549       0.2713     -13.4431       0.2713       1.3629      -5.8991
     0.03000       0.1133     -19.8242     -19.5571      -0.2671     -13.4503      -0.2671       1.3633      -5.9009
     0.03200       0.1289     -19.2839     -19.5495       0.2657     -13.4518       0.2657       1.3636      -5.9014
     0.03400       0.1454     -19.2804     -19.5517       0.2713     -13.4409       0.2713       1.3626      -5.8985
     0.03600       0.1630     -19.2826     -19.5539       0.2713     -13.4424       0.2713       1.3628      -5.8989
     0.03800       0.1816     -19.2848     -19.5561       0.2713     -13.4439       0.2713       1.3630      -5.8994
     0.04000       0.2011     -19.2870     -19.5582       0.2713     -13.4454       0.2713       1.3632      -5.8998
     0.04200       0.2216     -19.2891     -19.5604       0.2713     -13.4469       0.2713       1.3635      -5.9003
     0.04400       0.2432     -19.8297     -19.5626      -0.2671     -13.4541      -0.2671       1.3639      -5.9021
     0.04600       0.2657     -19.2894     -19.5550       0.2657     -13.4556       0.2657       1.3641      -5.9026
     0.04800       0.2892     -19.2859     -19.5572       0.2713     -13.4447       0.2713       1.3631      -5.8996
     0.05000       0.3136     -19.2881     -19.5594       0.2713     -13.4462       0.2713       1.3633      -5.9001
     0.05200       0.3391     -19.2903     -19.5615       0.2713     -13.4477       0.2713       1.3636      -5.9005
     0.05400       0.3655     -19.8308     -19.5637      -0.2671     -13.4548      -0.2671       1.3640      -5.9023
     0.05600       0.3929     -19.2905     -19.5561       0.2657     -13.4563       0.2657       1.3642      -5.9028
     0.05800       0.4213     -19.8254     -19.5583      -0.2671     -13.4511      -0.2671       1.3635      -5.9012
     0.06000       0.4506     -19.2851     -19.5507       0.2657     -13.4526       0.2657       1.3637      -5.9016
     0.06200       0.4809     -19.2817     -19.5529       0.2713     -13.4417       0.2713       1.3627      -5.8987
     0.06400       0.5122     -19.2838     -19.5551       0.2713     -13.4432       0.2713       1.3629      -5.8992
     0.06600       0.5444     -19.8243     -19.5573      -0.2671     -13.4504      -0.2671       1.3633      -5.9010
     0.06800       0.5775     -19.2840     -19.5497       0.2657     -13.4519       0.2657       1.3636      -5.9014
     0.07000       0.6117     -19.2806     -19.5519       0.2713     -13.4410       0.2713       1.3626      -5.8985
     0.07200       0.6467     -19.2828     -19.5540       0.2713     -13.4425       0.2713       1.3628      -5.8990
     0.07400       0.6827     -19.2850     -19.5562       0.2713     -13.4440       0.2713       1.3630      -5.8994
     0.07600       0.7197     -19.2924     -19.5584       0.2660     -13.4455       0.2713       1.3632      -5.8999
     0.07800       0.7576     -18.5461     -19.5606       1.0144     -13.4470       0.2713       1.3386      -5.7394
     0.08000       0.7964     -17.8475     -19.5627       1.7151     -13.4486       0.2712       1.3146      -5.5911
     0.08200       0.8361     -17.1808     -19.5647       2.3840     -13.4501       0.2712       1.2909      -5.4498
     0.08400       0.8768     -16.5443     -19.5668       3.0224     -13.4515       0.2712       1.2674      -5.3152
     0.08600       0.9184     -15.9367     -19.5687       3.6320     -13.4529       0.2712       1.2442      -5.1870
     0.08800       0.9609     -15.3566     -19.5707       4.2140     -13.4543       0.2711       1.2213      -5.0649
     0.09000       1.0043     -14.8027     -19.5726       4.7698     -13.4557       0.2711       1.1988      -4.9486
     0.09200       1.0487     -14.2738     -19.5744       5.3006     -13.4570       0.2711       1.1768      -4.8377
     0.09400       1.0939     -13.7686     -19.5762       5.8076     -13.4583       0.2711       1.1552      -4.7320
     0.09600       1.1400     -13.2860     -19.5780       6.2920     -13.4596       0.2711       1.1342      -4.6312
     0.09800       1.1871     -12.8250     -19.5797       6.7547     -13.4608       0.2711       1.1136      -4.5350
     0.10000       1.2350     -12.3845     -19.5814       7.1969     -13.4620       0.2710       1.0935      -4.4434
     0.10200       1.2838     -11.9635     -19.5831       7.6195     -13.4632       0.2710       1.0740      -4.3559
     0.10400       1.3335     -11.5612     -19.5847       8.0235     -13.4644       0.2710       1.0550      -4.2724
     0.10600       1.3840     -11.1767     -19.5863       8.4096     -13.4656       0.2710       1.0365      -4.1928
     0.10800       1.4355     -10.8091     -19.5879       8.7788     -13.4667       0.2710       1.0186      -4.1167
     0.11000       1.4878     -10.4576     -19.5894       9.1319     -13.4678       0.2710       1.0012      -4.0441
     0.11200       1.5409     -10.1214     -19.5909       9.4695     -13.4689       0.2710       0.9843      -3.9748
     0.11400       1.5949      -9.7999     -19.5924       9.7925     -13.4699       0.2710       0.9679      -3.9085
     0.11600       1.6498      -9.4924     -19.5939      10.1016     -13.4710       0.2709       0.9521      -3.8453
     0.11800       1.7055      -9.1981     -19.5953      10.3972     -13.4720       0.2709       0.9368      -3.7848
     0.12000       1.7620      -8.9165     -19.5968      10.6802     -13.4730       0.2709       0.9220      -3.7270
     0.12200       1.8194      -8.6470     -19.5982      10.9511     -13.4740       0.2709       0.9076      -3.6718
     0.12400       1.8776      -8.3890     -19.5995      11.2105     -13.4749       0.2709       0.8938      -3.6190
     0.12600       1.9366      -8.1420     -19.6009      11.4588     -13.4759       0.2709       0.8804      -3.5685
     0.12800       1.9965      -7.9055     -19.6022      11.6967     -13.4768       0.2709       0.8674      -3.5202
     0.13000       2.0571      -7.6790     -19.6035      11.9245     -13.4778       0.2709       0.8549      -3.4739
     0.13200       2.1185      -7.4620     -19.6048      12.1428     -13.4787       0.2709       0.8429      -3.4297
     0.13400       2.1808      -7.2541     -19.6061      12.3520     -13.4796       0.2709       0.8313      -3.3874
     0.13600       2.2438      -7.0549     -19.6073      12.5524     -13.4805       0.2709       0.8200      -3.3469
     0.13800       2.3076      -6.8639     -19.6086      12.7446     -13.4813       0.2709       0.8092      -3.3081
     0.14000       2.3722      -6.6809     -19.6098      12.9289     -13.4822       0.2708       0.7987      -3.2709
     0.14200       2.4376      -6.5054     -19.6110      13.1056     -13.4830       0.2708       0.7886      -3.2353
     0.14400       2.5037      -6.3370     -19.6122      13.2752     -13.4839       0.2708       0.7789      -3.2012
     0.14600       2.5706      -6.1756     -19.6134      13.4378     -13.4847       0.2708       0.7695      -3.1686
     0.14800       2.6382      -6.0207     -19.6146      13.5939     -13.4855       0.2708       0.7605      -3.1373
     0.15000       2.7066      -5.8720     -19.6157      13.7437     -13.4863       0.2708       0.7518      -3.1072
     0.15200       2.7757      -5.7294     -19.6168      13.8875     -13.4871       0.2708       0.7434      -3.0785
     0.15400       2.8456      -5.5924     -19.6180      14.0256     -13.4879       0.2708       0.7353      -3.0508
     0.15600       2.9161      -5.4609     -19.6191      14.1582     -13.4887       0.2708       0.7275      -3.0244
     0.15800       2.9874      -5.3346     -19.6202      14.2856     -13.4895       0.2708       0.7199      -2.9990
     0.16000       3.0594      -5.2133     -19.6213      14.4080     -13.4903       0.2708       0.7127      -2.9746
     0.16200       3.1321      -5.0968     -19.6224      14.5256     -13.4910       0.2708       0.7057      -2.9512
     0.16400       3.2055      -4.9848     -19.6235      14.6387     -13.4918       0.2708       0.6989      -2.9287
     0.16600       3.2796      -4.8771     -19.6245      14.7474     -13.4925       0.2708       0.6924      -2.9072
     0.16800       3.3544      -4.7737     -19.6256      14.8519     -13.4933       0.2708       0.6861      -2.8864
     0.17000       3.4298      -4.6742     -19.6266      14.9525     -13.4940       0.2708       0.6801      -2.8666
     0.17200       3.5059      -4.5785     -19.6277      15.0492     -13.4947       0.2708       0.6743      -2.8474
     0.17400       3.5827      -4.4865     -19.6287      15.1422     -13.4954       0.2708       0.6687      -2.8291
     0.17600       3.6601      -4.3979     -19.6297      15.2318     -13.4961       0.2708       0.6632      -2.8114
     0.17800       3.7381      -4.3127     -19.6307      15.3180     -13.4969       0.2708       0.6580      -2.7945
     0.18000       3.8168      -4.2307     -19.6317      15.4010     -13.4976       0.2708       0.6530      -2.7782
     0.18200       3.8961      -4.1518     -19.6327      15.4809     -13.4983       0.2708       0.6481      -2.7625
     0.18400       3.9760      -4.0758     -19.6337      15.5579     -13.4989       0.2708       0.6434      -2.7474
     0.18600       4.0566      -4.0027     -19.6347      15.6320     -13.4996       0.2708       0.6389      -2.7329
     0.18800       4.1377      -3.9322     -19.6357      15.7035     -13.5003       0.2707       0.6346      -2.7190
     0.19000       4.2194      -3.8643     -19.6367      15.7723     -13.5010       4.2323       0.6304      -2.7055
     0.19200       4.3017      -3.7991     -19.6380      15.8389     -14.3497       0.6043       0.6314      -2.7139
     0.19400       4.3846      -3.7360     -19.6391      15.9030     -15.8214      -0.8673       0.6363      -2.7384
     0.19600       4.4681      -3.6753     -19.6400      15.9647     -17.2595      -2.1034       0.6412      -2.7626
     0.19800       4.5521      -3.6166     -19.6408      16.0242     -18.3292      -3.0339       0.6440      -2.7779
     0.20000       4.6367      -3.5599     -19.6415      16.0815     -19.1447      -3.7526       0.6453      -2.7873
     0.20200       4.7218      -3.5052     -19.6420      16.1369     -19.7831      -4.3227       0.6458      -2.7926
     0.20400       4.8075      -3.4523     -19.6425      16.1902     -20.2963      -4.7871       0.6456      -2.7951
     0.20600       4.8937      -3.4012     -19.6429      16.2417     -20.7196      -5.1747       0.6449      -2.7957
     0.20800       4.9804      -3.3519     -19.6433      16.2914     -21.0769      -5.5054       0.6440      -2.7951
     0.21000       5.0676      -3.3043     -19.6437      16.3393     -21.3848      -5.7929       0.6429      -2.7935
     0.21200       5.1553      -3.2584     -19.6440      16.3856     -21.6547      -6.0467       0.6416      -2.7914
     0.21400       5.2435      -3.2140     -19.6442      16.4302     -21.8944      -6.2735       0.6403      -2.7887
     0.21600       5.3322      -3.1711     -19.6444      16.4733     -22.1097      -6.4781       0.6389      -2.7858
     0.21800       5.4213      -3.1297     -19.6447      16.5149     -22.3046      -6.6639       0.6375      -2.7827
     0.22000       5.5110      -3.0898     -19.6448      16.5551     -22.4822      -6.8336       0.6361      -2.7794
     0.22200       5.6010      -3.0511     -19.6450      16.5938     -22.6448      -6.9892       0.6347      -2.7760
     0.22400       5.6916      -3.0139     -19.6451      16.6313     -22.7940      -7.1324       0.6332      -2.7726
     0.22600       5.7825      -2.9778     -19.6452      16.6674     -22.9315      -7.2643       0.6318      -2.7691
     0.22800       5.8739      -2.9430     -19.6453      16.7023     -23.0582      -7.3861       0.6304      -2.7656
     0.23000       5.9657      -2.9095     -19.6454      16.7360     -23.1753      -7.4985       0.6290      -2.7621
     0.23200       6.0580      -2.8770     -19.6455      16.7685     -23.2834      -7.6025       0.6277      -2.7586
     0.23400       6.1506      -2.8457     -19.6455      16.7998     -23.3835      -7.6987       0.6263      -2.7551
     0.23600       6.2436      -2.8154     -19.6455      16.8301     -23.4760      -7.7878       0.6250      -2.7517
     0.23800       6.3370      -2.7862     -19.6456      16.8594     -23.5617      -7.8703       0.6237      -2.7483
     0.24000       6.4308      -2.7580     -19.6456      16.8876     -23.6411      -7.9466       0.6224      -2.7450
     0.24200       6.5249      -2.7308     -19.6456      16.9148     -23.7145      -8.0174       0.6212      -2.7416
     0.24400       6.6194      -2.7045     -19.6456      16.9411     -23.7826      -8.0829       0.6200      -2.7384
     0.24600       6.7143      -2.6791     -19.6455      16.9664     -23.8456      -8.1436       0.6188      -2.7352
     0.24800       6.8094      -2.6546     -19.6455      16.9909     -23.9040      -8.1998       0.6177      -2.7321
     0.25000       6.9049      -2.6310     -19.6455      17.0145     -23.9582      -8.2520       0.6165      -2.7290
     0.25200       7.0007      -2.6082     -19.6454      17.0372     -24.0084      -8.3005       0.6154      -2.7261
     0.25400       7.0969      -2.5863     -19.6453      17.0591     -24.0549      -8.3454       0.6144      -2.7231
     0.25600       7.1933      -2.5651     -19.6453      17.0802     -24.0981      -8.3870       0.6134      -2.7203
     0.25800       7.2900      -2.5447     -19.6452      17.1005     -24.1381      -8.4256       0.6124      -2.7176
     0.26000       7.3870      -2.5250     -19.6451      17.1201     -24.1753      -8.4615       0.6114      -2.7149
     0.26200       7.4842      -2.5061     -19.6451      17.1389     -24.2098      -8.4949       0.6105      -2.7123
     0.26400       7.5817      -2.4879     -19.6450      17.1571     -24.2419      -8.5259       0.6096      -2.7098
     0.26600       7.6795      -2.4704     -19.6449      17.1745     -24.2717      -8.5547       0.6087      -2.7073
     0.26800       7.7775      -2.4535     -19.6448      17.1913     -24.2994      -8.5816       0.6079      -2.7050
     0.27000       7.8757      -2.4373     -19.6447      17.2074     -24.3252      -8.6065       0.6071      -2.7027
     0.27200       7.9742      -2.4217     -19.6446      17.2228     -24.3492      -8.6298       0.6063      -2.7005
     0.27400       8.0728      -2.4068     -19.6444      17.2377     -24.3715      -8.6515       0.6055      -2.6984
     0.27600       8.1717      -2.3924     -19.6443      17.2519     -24.3924      -8.6718       0.6048      -2.6964
     0.27800       8.2707      -2.3786     -19.6442      17.2656     -24.4119      -8.6908       0.6042      -2.6945
     0.28000       8.3699      -2.3655     -19.6441      17.2786     -24.4301      -8.7085       0.6035      -2.6927
     0.28200       8.4693      -2.3528     -19.6440      17.2911     -24.4471      -8.7251       0.6029      -2.6909
     0.28400       8.5689      -2.3408     -19.6438      17.3031     -24.4631      -8.7407       0.6023      -2.6892
     0.28600       8.6686      -2.3292     -19.6437      17.3145     -24.4781      -8.7554       0.6017      -2.6876
     0.28800       8.7684      -2.3182     -19.6436      17.3253     -24.4922      -8.7692       0.6012      -2.6861
     0.29000       8.8684      -2.3077     -19.6434      17.3357     -24.5054      -8.7822       0.6007      -2.6847
     0.29200       8.9685      -2.2977     -19.6433      17.3456     -24.5179      -8.7944       0.6002      -2.6834
     0.29400       9.0687      -2.2882     -19.6431      17.3549     -24.5297      -8.8060       0.5998      -2.6821
     0.29600       9.1689      -2.2792     -19.6430      17.3638     -24.5408      -8.8170       0.5994      -2.6809
     0.29800       9.2693      -2.2706     -19.6428      17.3722     -24.5514      -8.8274       0.5990      -2.6798
     0.30000       9.3698      -2.2625     -19.6427      17.3802     -24.5614      -8.8374       0.5986      -2.6788
     0.30200       9.4703      -2.2549     -19.6425      17.3877     -24.5709      -8.8468       0.5983      -2.6779
     0.30400       9.5709      -2.2476     -19.6424      17.3947     -24.5800      -8.8558       0.5980      -2.6770
     0.30600       9.6716      -2.2409     -19.6422      17.4014     -24.5886      -8.8644       0.5977      -2.6762
     0.30800       9.7722      -2.2345     -19.6421      17.4076     -24.5969      -8.8727       0.5974      -2.6755
     0.31000       9.8730      -2.2286     -19.6419      17.4134     -24.6048      -8.8806       0.5972      -2.6749
     0.31200       9.9737      -2.2230     -19.6418      17.4187     -24.6124      -8.8883       0.5970      -2.6743
     0.31400      10.0744      -2.2179     -19.6416      17.4237     -24.6198      -8.8956       0.5968      -2.6738
     0.31600      10.1752      -2.2131     -19.6414      17.4283     -24.6268      -8.9027       0.5967      -2.6734
     0.31800      10.2759      -2.2088     -19.6413      17.4325     -24.6337      -8.9096       0.5965      -2.6731
     0.32000      10.3766      -2.2048     -19.6411      17.4363     -24.6403      -8.9162       0.5964      -2.6728
     0.32200      10.4772      -2.2012     -19.6410      17.4398     -24.6467      -8.9227       0.5963      -2.6726
     0.32400      10.5779      -2.1979     -19.6408      17.4429     -24.6529      -8.9290       0.5963      -2.6725
     0.32600      10.6784      -2.1950     -19.6406      17.4456     -24.6589      -8.9351       0.5962      -2.6724
     0.32800      10.7790      -2.1925     -19.6405      17.4480     -24.6648      -8.9411       0.5962      -2.6724
     0.33000      10.8794      -2.1902     -19.6403      17.4500     -24.6705      -8.9469       0.5962      -2.6725
     0.33200      10.9798      -2.1884     -19.6401      17.4518     -24.6761      -8.9527       0.5963      -2.6726
     0.33400      11.0800      -2.1868     -19.6399      17.4531     -24.6816      -8.9583       0.5963      -2.6728
     0.33600      11.1802      -2.1856     -19.6398      17.4542     -24.6870      -8.9637       0.5964      -2.6730
     0.33800      11.2802      -2.1847     -19.6396      17.4549     -24.6922      -8.9691       0.5965      -2.6734
     0.34000      11.3802      -2.1841     -19.6394      17.4553     -24.6974      -8.9744       0.5966      -2.6737
     0.34200      11.4800      -2.1838     -19.6393      17.4554     -24.7025      -8.9796       0.5967      -2.6742
     0.34400      11.5796      -2.1838     -19.6391      17.4552     -24.7075      -8.9848       0.5969      -2.6747
     0.34600      11.6791      -2.1842     -19.6389      17.4548     -24.7124      -8.9898       0.5970      -2.6752
     0.34800      11.7785      -2.1848     -19.6387      17.4540     -24.7172      -8.9948       0.5972      -2.6758
     0.35000      11.8776      -2.1856     -19.6386      17.4529     -24.7220      -8.9997       0.5974      -2.6765
     0.35200      11.9766      -2.1868     -19.6384      17.4516     -24.7266      -9.0045       0.5977      -2.6772
     0.35400      12.0754      -2.1883     -19.6382      17.4499     -24.7313      -9.0093       0.5979      -2.6780
     0.35600      12.1740      -2.1900     -19.6380      17.4480     -24.7358      -9.0140       0.5982      -2.6788
     0.35800      12.2724      -2.1920     -19.6379      17.4459     -24.7404      -9.0187       0.5984      -2.6797
     0.36000      12.3705      -2.1942     -19.6377      17.4435     -24.7448      -9.0233       0.5987      -2.6806
     0.36200      12.4684      -2.1967     -19.6375      17.4408     -24.7492      -9.0279       0.5990      -2.6816
     0.36400      12.5661      -2.1995     -19.6373      17.4378     -24.7536      -9.0324       0.5994      -2.6826
     0.36600      12.6635      -2.2025     -19.6371      17.4347     -24.7579      -9.0368       0.5997      -2.6837
     0.36800      12.7607      -2.2057     -19.6370      17.4312     -24.7621      -9.0412       0.6001      -2.6848
     0.37000      12.8576      -2.2092     -19.6368      17.4276     -24.7663      -9.0456       0.6005      -2.6860
     0.37200      12.9542      -2.2130     -19.6366      17.4237     -24.7704      -9.0499       0.6008      -2.6872
     0.37400      13.0505      -2.2169     -19.6364      17.4195     -24.7745      -9.0541       0.6013      -2.6884
     0.37600      13.1466      -2.2211     -19.6363      17.4152     -24.7786      -9.0583       0.6017      -2.6897
     0.37800      13.2423      -2.2255     -19.6361      17.4106     -24.7826      -9.0625       0.6021      -2.6911
     0.38000      13.3377      -2.2301     -19.6359      17.4058     -24.7865      -9.0666       0.6026      -2.6925
     0.38200      13.4327      -2.2349     -19.6357      17.4008     -24.7904      -9.0707       0.6030      -2.6939
     0.38400      13.5275      -2.2400     -19.6355      17.3956     -24.7943      -9.0747       0.6035      -2.6954
     0.38600      13.6219      -2.2452     -19.6354      17.3901     -24.7981      -9.0786       0.6040      -2.6969
     0.38800      13.7159      -2.2507     -19.6352      17.3845     -24.8018      -9.0826       0.6045      -2.6984
     0.39000      13.8095      -2.2563     -19.6350      17.3787     -24.8055      -9.0864       0.6050      -2.7000
     0.39200      13.9028      -2.2622     -19.6348      17.3726     -24.8092      -9.0903       0.6055      -2.7016
     0.39400      13.9957      -2.2682     -19.6346      17.3664     -24.8128      -9.0940       0.6061      -2.7033
     0.39600      14.0882      -2.2744     -19.6345      17.3600     -24.8163      -9.0977       0.6066      -2.7050
     0.39800      14.1803      -2.2808     -19.6343      17.3534     -24.8199      -9.1014       0.6072      -2.7067
     0.40000      14.2720      -2.2874     -19.6341      17.3467     -24.8233      -9.1050       0.6077      -2.7085
     0.40200      14.3632      -2.2942     -19.6339      17.3397     -24.8267      -9.1086       0.6083      -2.7103
     0.40400      14.4541      -2.3011     -19.6337      17.3326     -24.8301      -9.1121       0.6089      -2.7121
     0.40600      14.5445      -2.3082     -19.6336      17.3253     -24.8334      -9.1156       0.6095      -2.7140
     0.40800      14.6344      -2.3155     -19.6334      17.3179     -24.8366      -9.1190       0.6101      -2.7159
     0.41000      14.7239      -2.3229     -19.6332      17.3103     -24.8398      -9.1224       0.6108      -2.7178
     0.41200      14.8129      -2.3305     -19.6330      17.3025     -24.8430      -9.1257       0.6114      -2.7198
     0.41400      14.9014      -2.3382     -19.6329      17.2946     -24.8461      -9.1289       0.6120      -2.7217
     0.41600      14.9895      -2.3461     -19.6327      17.2866     -24.8491      -9.1321       0.6127      -2.7238
     0.41800      15.0770      -2.3541     -19.6325      17.2784     -24.8521      -9.1353       0.6134      -2.7258
     0.42000      15.1641      -2.3623     -19.6323      17.2700     -24.8551      -9.1384       0.6140      -2.7279
     0.42200      15.2506      -2.3706     -19.6321      17.2615     -24.8579      -9.1414       0.6147      -2.7299
     0.42400      15.3366      -2.3791     -19.6320      17.2529     -24.8608      -9.1444       0.6154      -2.7321
     0.42600      15.4221      -2.3877     -19.6318      17.2441     -24.8636      -9.1474       0.6161      -2.7342
     0.42800      15.5071      -2.3964     -19.6316      17.2352     -24.8663      -9.1502       0.6168      -2.7364
     0.43000      15.5915      -2.4052     -19.6315      17.2262     -24.8689      -9.1531       0.6175      -2.7385
     0.43200      15.6753      -2.4142     -19.6313      17.2171     -24.8716      -9.1558       0.6182      -2.7408
     0.43400      15.7586      -2.4233     -19.6311      17.2078     -24.8741      -9.1586       0.6189      -2.7430
     0.43600      15.8413      -2.4325     -19.6309      17.1984     -24.8766      -9.1612       0.6197      -2.7452
     0.43800      15.9234      -2.4418     -19.6308      17.1890     -24.8791      -9.1638       0.6204      -2.7475
     0.44000      16.0050      -2.4512     -19.6306      17.1794     -24.8815      -9.1664       0.6211      -2.7498
     0.44200      16.0859      -2.4607     -19.6304      17.1697     -24.8838      -9.1689       0.6219      -2.7521
     0.44400      16.1663      -2.4704     -19.6302      17.1599     -24.8861      -9.1713       0.6226      -2.7544
     0.44600      16.2460      -2.4801     -19.6301      17.1500     -24.8883      -9.1737       0.6234      -2.7568
     0.44800      16.3251      -2.4899     -19.6299      17.1400     -24.8905      -9.1760       0.6242      -2.7591
     0.45000      16.4036      -2.4999     -19.6297      17.1299     -24.8926      -9.1783       0.6249      -2.7615
     0.45200      16.4814      -2.5099     -19.6296      17.1197     -24.8947      -9.1805       0.6257      -2.7639
     0.45400      16.5586      -2.5200     -19.6294      17.1094     -24.8967      -9.1827       0.6265      -2.7663
     0.45600      16.6352      -2.5302     -19.6292      17.0991     -24.8987      -9.1848       0.6273      -2.7687
     0.45800      16.7111      -2.5404     -19.6291      17.0886     -24.9006      -9.1869       0.6281      -2.7712
     0.46000      16.7863      -2.5508     -19.6289      17.0781     -24.9024      -9.1889       0.6289      -2.7736
     0.46200      16.8608      -2.5612     -19.6287      17.0676     -24.9042      -9.1908       0.6297      -2.7761
     0.46400      16.9347      -2.5717     -19.6286      17.0569     -24.9059      -9.1927       0.6305      -2.7785
     0.46600      17.0079      -2.5822     -19.6284      17.0462     -24.9076      -9.1945       0.6313      -2.7810
     0.46800      17.0803      -2.5928     -19.6282      17.0354     -24.9093      -9.1963       0.6321      -2.7835
     0.47000      17.1521      -2.6035     -19.6281      17.0246     -24.9109      -9.1981       0.6329      -2.7860
     0.47200      17.2232      -2.6143     -19.6279      17.0137     -24.9124      -9.1997       0.6337      -2.7885
     0.47400      17.2935      -2.6251     -19.6278      17.0027     -24.9139      -9.2014       0.6345      -2.7910
     0.47600      17.3631      -2.6359     -19.6276      16.9917     -24.9153      -9.2029       0.6353      -2.7936
     0.47800      17.4320      -2.6468     -19.6274      16.9806     -24.9167      -9.2045       0.6361      -2.7961
     0.48000      17.5002      -2.6578     -19.6273      16.9695     -24.9180      -9.2059       0.6370      -2.7987
     0.48200      17.5676      -2.6688     -19.6271      16.9584     -24.9192      -9.2073       0.6378      -2.8012
     0.48400      17.6342      -2.6798     -19.6270      16.9472     -24.9205      -9.2087       0.6386      -2.8038
     0.48600      17.7001      -2.6909     -19.6268      16.9360     -24.9216      -9.2100       0.6394      -2.8063
     0.48800      17.7652      -2.7020     -19.6267      16.9247     -24.9227      -9.2113       0.6403      -2.8089
     0.49000      17.8296      -2.7131     -19.6265      16.9134     -24.9238      -9.2125       0.6411      -2.8114
     0.49200      17.8931      -2.7243     -19.6263      16.9021     -24.9248      -9.2137       0.6419      -2.8140
     0.49400      17.9559      -2.7355     -19.6262      16.8907     -24.9258      -9.2148       0.6427      -2.8166
     0.49600      18.0179      -2.7467     -19.6260      16.8794     -24.9267      -9.2159       0.6436      -2.8191
     0.49800      18.0791      -2.7579     -19.6259      16.8680     -24.9276      -9.2169       0.6444      -2.8217
     0.50000      18.1395      -2.7692     -19.6257      16.8566     -24.9284      -9.2178       0.6452      -2.8243
     0.50200      18.1990      -2.7805     -19.6256      16.8451     -24.9292      -9.2188       0.6461      -2.8269
     0.50400      18.2578      -2.7917     -19.6254      16.8337     -24.9299      -9.2196       0.6469      -2.8294
     0.50600      18.3157      -2.8030     -19.6253      16.8223     -24.9306      -9.2205       0.6477      -2.8320
     0.50800      18.3728      -2.8143     -19.6251      16.8108     -24.9312      -9.2213       0.6485      -2.8346
     0.51000      18.4291      -2.8256     -19.6250      16.7994     -24.9318      -9.2220       0.6494      -2.8371
     0.51200      18.4845      -2.8370     -19.6249      16.7879     -24.9324      -9.2227       0.6502      -2.8397
     0.51400      18.5391      -2.8483     -19.6247      16.7764     -24.9329      -9.2233       0.6510      -2.8423
     0.51600      18.5929      -2.8596     -19.6246      16.7650     -24.9333      -9.2239       0.6518      -2.8448
     0.51800      18.6458      -2.8709     -19.6244      16.7536     -24.9338      -9.2245       0.6526      -2.8474
     0.52000      18.6978      -2.8821     -19.6243      16.7421     -24.9341      -9.2250       0.6535      -2.8499
     0.52200      18.7489      -2.8934     -19.6241      16.7307     -24.9345      -9.2255       0.6543      -2.8525
     0.52400      18.7992      -2.9047     -19.6240      16.7193     -24.9347      -9.2259       0.6551      -2.8550
     0.52600      18.8486      -2.9159     -19.6239      16.7079     -24.9350      -9.2263       0.6559      -2.8575
     0.52800      18.8971      -2.9271     -19.6237      16.6966     -24.9352      -9.2266       0.6567      -2.8601
     0.53000      18.9448      -2.9383     -19.6236      16.6852     -24.9354      -9.2269       0.6575      -2.8626
     0.53200      18.9915      -2.9495     -19.6235      16.6739     -24.9355      -9.2272       0.6583      -2.8651
     0.53400      19.0374      -2.9607     -19.6233      16.6627     -24.9356      -9.2274       0.6591      -2.8676
     0.53600      19.0823      -2.9718     -19.6232      16.6514     -24.9356      -9.2276       0.6599      -2.8701
     0.53800      19.1264      -2.9829     -19.6231      16.6402     -24.9356      -9.2277       0.6607      -2.8725
     0.54000      19.1695      -2.9939     -19.6229      16.6290     -24.9356      -9.2278       0.6615      -2.8750
     0.54200      19.2117      -3.0049     -19.6228      16.6179     -24.9355      -9.2279       0.6623      -2.8775
     0.54400      19.2530      -3.0159     -19.6227      16.6068     -24.9354      -9.2279       0.6631      -2.8799
     0.54600      19.2934      -3.0268     -19.6225      16.5957     -24.9352      -9.2279       0.6638      -2.8823
     0.54800      19.3329      -3.0377     -19.6224      16.5847     -24.9351      -9.2279       0.6646      -2.8848
     0.55000      19.3714      -3.0485     -19.6223      16.5737     -24.9348      -9.2278       0.6654      -2.8872
     0.55200      19.4090      -3.0593     -19.6222      16.5628     -24.9346      -9.2277       0.6661      -2.8896
     0.55400      19.4456      -3.0701     -19.6220      16.5520     -24.9343      -9.2275       0.6669      -2.8919
     0.55600      19.4813      -3.0807     -19.6219      16.5412     -24.9340      -9.2273       0.6677      -2.8943
     0.55800      19.5161      -3.0914     -19.6218      16.5304     -24.9336      -9.2271       0.6684      -2.8967
     0.56000      19.5499      -3.1019     -19.6217      16.5197     -24.9332      -9.2269       0.6692      -2.8990
     0.56200      19.5828      -3.1124     -19.6215      16.5091     -24.9328      -9.2266       0.6699      -2.9013
     0.56400      19.6147      -3.1229     -19.6214      16.4985     -24.9323      -9.2262       0.6706      -2.9036
     0.56600      19.6456      -3.1332     -19.6213      16.4881     -24.9318      -9.2259       0.6714      -2.9059
     0.56800      19.6756      -3.1435     -19.6212      16.4776     -24.9313      -9.2255       0.6721      -2.9082
     0.57000      19.7047      -3.1538     -19.6211      16.4673     -24.9308      -9.2251       0.6728      -2.9104
     0.57200      19.7327      -3.1639     -19.6209      16.4570     -24.9302      -9.2246       0.6735      -2.9127
     0.57400      19.7598      -3.1740     -19.6208      16.4468     -24.9295      -9.2241       0.6742      -2.9149
     0.57600      19.7859      -3.1840     -19.6207      16.4367     -24.9289      -9.2236       0.6749      -2.9171
     0.57800      19.8111      -3.1939     -19.6206      16.4267     -24.9282      -9.2231       0.6756      -2.9193
     0.58000      19.8352      -3.2038     -19.6205      16.4167     -24.9275      -9.2225       0.6763      -2.9214
     0.58200      19.8584      -3.2135     -19.6204      16.4068     -24.9268      -9.2219       0.6770      -2.9236
     0.58400      19.8806      -3.2232     -19.6203      16.3971     -24.9260      -9.2213       0.6776      -2.9257
     0.58600      19.9018      -3.2328     -19.6201      16.3874     -24.9252      -9.2206       0.6783      -2.9278
     0.58800      19.9220      -3.2423     -19.6200      16.3778     -24.9244      -9.2199       0.6790      -2.9299
     0.59000      19.9413      -3.2517     -19.6199      16.3682     -24.9236      -9.2192       0.6796      -2.9319
     0.59200      19.9595      -3.2610     -19.6198      16.3588     -24.9227      -9.2184       0.6803      -2.9339
     0.59400      19.9767      -3.2702     -19.6197      16.3495     -24.9218      -9.2177       0.6809      -2.9360
     0.59600      19.9930      -3.2793     -19.6196      16.3403     -24.9209      -9.2169       0.6815      -2.9379
     0.59800      20.0083      -3.2883     -19.6195      16.3312     -24.9199      -9.2161       0.6822      -2.9399
     0.60000      20.0225      -3.2972     -19.6194      16.3222     -24.9189      -9.2152       0.6828      -2.9418
     0.60200      20.0358      -3.3060     -19.6193      16.3133     -24.9179      -9.2143       0.6834      -2.9438
     0.60400      20.0480      -3.3147     -19.6192      16.3045     -24.9169      -9.2134       0.6840      -2.9456
     0.60600      20.0593      -3.3233     -19.6191      16.2958     -24.9159      -9.2125       0.6846      -2.9475
     0.60800      20.0695      -3.3318     -19.6190      16.2872     -24.9148      -9.2116       0.6851      -2.9493
     0.61000      20.0788      -3.3402     -19.6189      16.2787     -24.9137      -9.2106       0.6857      -2.9512
     0.61200      20.0870      -3.3484     -19.6188      16.2704     -24.9126      -9.2096       0.6863      -2.9529
     0.61400      20.0943      -3.3566     -19.6187      16.2621     -24.9115      -9.2086       0.6868      -2.9547
     0.61600      20.1005      -3.3646     -19.6186      16.2540     -24.9103      -9.2076       0.6874      -2.9564
     0.61800      20.1057      -3.3725     -19.6185      16.2460     -24.9091      -9.2065       0.6879      -2.9581
     0.62000      20.1100      -3.3803     -19.6184      16.2381     -24.9079      -9.2054       0.6885      -2.9598
     0.62200      20.1132      -3.3880     -19.6183      16.2304     -24.9067      -9.2043       0.6890      -2.9615
     0.62400      20.1154      -3.3955     -19.6182      16.2227     -24.9054      -9.2032       0.6895      -2.9631
     0.62600      20.1166      -3.4029     -19.6181      16.2152     -24.9042      -9.2020       0.6900      -2.9647
     0.62800      20.1167      -3.4102     -19.6180      16.2079     -24.9029      -9.2009       0.6905      -2.9662
     0.63000      20.1159      -3.4173     -19.6179      16.2006     -24.9016      -9.1997       0.6910      -2.9678
     0.63200      20.1141      -3.4244     -19.6179      16.1935     -24.9003      -9.1985       0.6914      -2.9693
     0.63400      20.1112      -3.4312     -19.6178      16.1865     -24.8989      -9.1973       0.6919      -2.9707
     0.63600      20.1074      -3.4380     -19.6177      16.1797     -24.8976      -9.1960       0.6924      -2.9722
     0.63800      20.1025      -3.4446     -19.6176      16.1730     -24.8962      -9.1948       0.6928      -2.9736
     0.64000      20.0967      -3.4511     -19.6175      16.1664     -24.8948      -9.1935       0.6932      -2.9750
     0.64200      20.0898      -3.4574     -19.6174      16.1600     -24.8934      -9.1922       0.6937      -2.9763
     0.64400      20.0819      -3.4636     -19.6173      16.1537     -24.8920      -9.1909       0.6941      -2.9776
     0.64600      20.0730      -3.4697     -19.6172      16.1475     -24.8905      -9.1896       0.6945      -2.9789
     0.64800      20.0631      -3.4756     -19.6172      16.1415     -24.8890      -9.1882       0.6949      -2.9802
     0.65000      20.0522      -3.4814     -19.6171      16.1357     -24.8876      -9.1869       0.6953      -2.9814
     0.65200      20.0404      -3.4870     -19.6170      16.1300     -24.8861      -9.1855       0.6956      -2.9826
     0.65400      20.0275      -3.4925     -19.6169      16.1244     -24.8846      -9.1841       0.6960      -2.9837
     0.65600      20.0136      -3.4978     -19.6168      16.1190     -24.8830      -9.1827       0.6964      -2.9848
     0.65800      19.9987      -3.5030     -19.6167      16.1138     -24.8815      -9.1812       0.6967      -2.9859
     0.66000      19.9828      -3.5080     -19.6167      16.1086     -24.8799      -9.1798       0.6970      -2.9870
     0.66200      19.9659      -3.5129     -19.6166      16.1037     -24.8784      -9.1783       0.6974      -2.9880
     0.66400      19.9480      -3.5176     -19.6165      16.0989     -24.8768      -9.1769       0.6977      -2.9890
     0.66600      19.9291      -3.5221     -19.6164      16.0943     -24.8752      -9.1754       0.6980      -2.9899
     0.66800      19.9093      -3.5266     -19.6163      16.0898     -24.8736      -9.1739       0.6983      -2.9908
     0.67000      19.8884      -3.5308     -19.6163      16.0855     -24.8719      -9.1724       0.6985      -2.9917
     0.67200      19.8666      -3.5349     -19.6162      16.0813     -24.8703      -9.1709       0.6988      -2.9926
     0.67400      19.8438      -3.5388     -19.6161      16.0773     -24.8687      -9.1693       0.6991      -2.9934
     0.67600      19.8200      -3.5426     -19.6160      16.0735     -24.8670      -9.1678       0.6993      -2.9941
     0.67800      19.7952      -3.5462     -19.6160      16.0698     -24.8653      -9.1662       0.6995      -2.9949
     0.68000      19.7694      -3.5496     -19.6159      16.0663     -24.8636      -9.1646       0.6998      -2.9956
     0.68200      19.7427      -3.5529     -19.6158      16.0630     -24.8619      -9.1630       0.7000      -2.9962
     0.68400      19.7150      -3.5559     -19.6157      16.0598     -24.8602      -9.1615       0.7002      -2.9969
     0.68600      19.6863      -3.5589     -19.6157      16.0568     -24.8585      -9.1598       0.7003      -2.9974
     0.68800      19.6567      -3.5616     -19.6156      16.0539     -24.8568      -9.1582       0.7005      -2.9980
     0.69000      19.6261      -3.5642     -19.6155      16.0513     -24.8550      -9.1566       0.7007      -2.9985
     0.69200      19.5945      -3.5667     -19.6154      16.0488     -24.8533      -9.1549       0.7008      -2.9990
     0.69400      19.5620      -3.5689     -19.6154      16.0465     -24.8515      -9.1533       0.7010      -2.9994
     0.69600      19.5285      -3.5710     -19.6153      16.0443     -24.8497      -9.1516       0.7011      -2.9998
     0.69800      19.4941      -3.5729     -19.6152      16.0423     -24.8479      -9.1500       0.7012      -3.0002
     0.70000      19.4587      -3.5746     -19.6151      16.0405     -24.8461      -9.1483       0.7013      -3.0005
     0.70200      19.4224      -3.5761     -19.6151      16.0389     -24.8443      -9.1466       0.7014      -3.0008
     0.70400      19.3852      -3.5775     -19.6150      16.0375     -24.8425      -9.1449       0.7015      -3.0010
     0.70600      19.3470      -3.5787     -19.6149      16.0362     -24.8407      -9.1432       0.7015      -3.0012
     0.70800      19.3079      -3.5797     -19.6149      16.0351     -24.8389      -9.1414       0.7016      -3.0014
     0.71000      19.2678      -3.5806     -19.6148      16.0342     -24.8370      -9.1397       0.7016      -3.0015
     0.71200      19.2269      -3.5812     -19.6147      16.0335     -24.8352      -9.1380       0.7017      -3.0016
     0.71400      19.1850      -3.5817     -19.6147      16.0330     -24.8333      -9.1362       0.7017      -3.0016
     0.71600      19.1422      -3.5820     -19.6146      16.0326     -24.8315      -9.1345       0.7017      -3.0016
     0.71800      19.0985      -3.5821     -19.6145      16.0324     -24.8296      -9.1327       0.7017      -3.0016
     0.72000      19.0538      -3.5820     -19.6145      16.0324     -24.8277      -9.1309       0.7017      -3.0015
     0.72200      19.0083      -3.5818     -19.6144      16.0326     -24.8258      -9.1292       0.7016      -3.0014
     0.72400      18.9619      -3.5813     -19.6143      16.0330     -24.8239      -9.1274       0.7016      -3.0012
     0.72600      18.9146      -3.5807     -19.6142      16.0336     -24.8220      -9.1256       0.7015      -3.0010
     0.72800      18.8664      -3.5799     -19.6142      16.0343     -24.8201      -9.1238       0.7014      -3.0008
     0.73000      18.8173      -3.5789     -19.6141      16.0352     -24.8182      -9.1220       0.7014      -3.0005
     0.73200      18.7673      -3.5777     -19.6140      16.0364     -24.8163      -9.1202       0.7013      -3.0002
     0.73400      18.7165      -3.5763     -19.6140      16.0377     -24.8143      -9.1183       0.7012      -2.9998
     0.73600      18.6648      -3.5747     -19.6139      16.0392     -24.8124      -9.1165       0.7010      -2.9994
     0.73800      18.6122      -3.5730     -19.6138      16.0409     -24.8105      -9.1147       0.7009      -2.9990
     0.74000      18.5588      -3.5710     -19.6138      16.0427     -24.8085      -9.1129       0.7007      -2.9985
     0.74200      18.5045      -3.5689     -19.6137      16.0448     -24.8066      -9.1110       0.7006      -2.9980
     0.74400      18.4494      -3.5666     -19.6136      16.0471     -24.8046      -9.1092       0.7004      -2.9974
     0.74600      18.3934      -3.5641     -19.6136      16.0495     -24.8026      -9.1073       0.7002      -2.9968
     0.74800      18.3366      -3.5614     -19.6135      16.0522     -24.8007      -9.1054       0.7000      -2.9962
     0.75000      18.2790      -3.5585     -19.6134      16.0550     -24.7987      -9.1036       0.6998      -2.9955
     0.75200      18.2205      -3.5554     -19.6134      16.0580     -24.7967      -9.1017       0.6996      -2.9947
     0.75400      18.1612      -3.5521     -19.6133      16.0612     -24.7947      -9.0998       0.6993      -2.9939
     0.75600      18.1011      -3.5486     -19.6132      16.0647     -24.7928      -9.0980       0.6991      -2.9931
     0.75800      18.0402      -3.5449     -19.6132      16.0683     -24.7908      -9.0961       0.6988      -2.9923
     0.76000      17.9786      -3.5410     -19.6131      16.0721     -24.7888      -9.0942       0.6985      -2.9914
     0.76200      17.9161      -3.5370     -19.6130      16.0761     -24.7868      -9.0923       0.6982      -2.9904
     0.76400      17.8528      -3.5327     -19.6130      16.0803     -24.7848      -9.0904       0.6979      -2.9894
     0.76600      17.7887      -3.5283     -19.6129      16.0846     -24.7827      -9.0885       0.6976      -2.9884
     0.76800      17.7239      -3.5236     -19.6128      16.0892     -24.7807      -9.0866       0.6973      -2.9873
     0.77000      17.6583      -3.5188     -19.6128      16.0940     -24.7787      -9.0847       0.6969      -2.9862
     0.77200      17.5919      -3.5138     -19.6127      16.0990     -24.7767      -9.0828       0.6966      -2.9850
     0.77400      17.5248      -3.5085     -19.6126      16.1041     -24.7747      -9.0809       0.6962      -2.9838
     0.77600      17.4569      -3.5031     -19.6126      16.1095     -24.7726      -9.0790       0.6958      -2.9826
     0.77800      17.3883      -3.4975     -19.6125      16.1150     -24.7706      -9.0770       0.6954      -2.9813
     0.78000      17.3189      -3.4916     -19.6124      16.1208     -24.7686      -9.0751       0.6950      -2.9800
     0.78200      17.2489      -3.4856     -19.6124      16.1267     -24.7665      -9.0732       0.6946      -2.9786
     0.78400      17.1781      -3.4794     -19.6123      16.1329     -24.7645      -9.0713       0.6941      -2.9772
     0.78600      17.1065      -3.4730     -19.6122      16.1392     -24.7625      -9.0693       0.6937      -2.9758
     0.78800      17.0343      -3.4664     -19.6122      16.1458     -24.7604      -9.0674       0.6932      -2.9743
     0.79000      16.9614      -3.4596     -19.6121      16.1525     -24.7584      -9.0655       0.6927      -2.9727
     0.79200      16.8878      -3.4526     -19.6120      16.1594     -24.7563      -9.0635       0.6922      -2.9711
     0.79400      16.8135      -3.4454     -19.6120      16.1665     -24.7543      -9.0616       0.6917      -2.9695
     0.79600      16.7385      -3.4380     -19.6119      16.1739     -24.7522      -9.0596       0.6912      -2.9678
     0.79800      16.6629      -3.4304     -19.6118      16.1814     -24.7501      -9.0577       0.6907      -2.9661
     0.80000      16.5866      -3.4227     -19.6117      16.1891     -24.7481      -9.0558       0.6901      -2.9644
     0.80200      16.5096      -3.4147     -19.6117      16.1970     -24.7460      -9.0538       0.6896      -2.9626
     0.80400      16.4320      -3.4065     -19.6116      16.2051     -24.7440      -9.0519       0.6890      -2.9608
     0.80600      16.3537      -3.3981     -19.6115      16.2134     -24.7419      -9.0499       0.6884      -2.9589
     0.80800      16.2748      -3.3896     -19.6115      16.2219     -24.7398      -9.0480       0.6878      -2.9570
     0.81000      16.1953      -3.3808     -19.6114      16.2306     -24.7378      -9.0460       0.6872      -2.9550
     0.81200      16.1152      -3.3719     -19.6113      16.2394     -24.7357      -9.0440       0.6865      -2.9530
     0.81400      16.0345      -3.3627     -19.6112      16.2485     -24.7336      -9.0421       0.6859      -2.9510
     0.81600      15.9532      -3.3534     -19.6112      16.2578     -24.7315      -9.0401       0.6852      -2.9489
     0.81800      15.8712      -3.3438     -19.6111      16.2673     -24.7295      -9.0382       0.6846      -2.9467
     0.82000      15.7887      -3.3341     -19.6110      16.2769     -24.7274      -9.0362       0.6839      -2.9446
     0.82200      15.7057      -3.3242     -19.6109      16.2868     -24.7253      -9.0343       0.6832      -2.9424
     0.82400      15.6220      -3.3141     -19.6109      16.2968     -24.7232      -9.0323       0.6825      -2.9401
     0.82600      15.5378      -3.3038     -19.6108      16.3070     -24.7212      -9.0303       0.6818      -2.9378
     0.82800      15.4531      -3.2933     -19.6107      16.3174     -24.7191      -9.0284       0.6810      -2.9355
     0.83000      15.3678      -3.2826     -19.6106      16.3281     -24.7170      -9.0264       0.6803      -2.9331
     0.83200      15.2820      -3.2717     -19.6105      16.3389     -24.7149      -9.0245       0.6795      -2.9307
     0.83400      15.1956      -3.2606     -19.6105      16.3499     -24.7128      -9.0225       0.6787      -2.9282
     0.83600      15.1087      -3.2493     -19.6104      16.3610     -24.7108      -9.0205       0.6780      -2.9257
     0.83800      15.0214      -3.2379     -19.6103      16.3724     -24.7087      -9.0186       0.6772      -2.9232
     0.84000      14.9335      -3.2262     -19.6102      16.3840     -24.7066      -9.0166       0.6763      -2.9206
     0.84200      14.8452      -3.2144     -19.6101      16.3957     -24.7045      -9.0147       0.6755      -2.9180
     0.84400      14.7563      -3.2024     -19.6100      16.4077     -24.7024      -9.0127       0.6747      -2.9153
     0.84600      14.6670      -3.1902     -19.6100      16.4198     -24.7003      -9.0107       0.6738      -2.9126
     0.84800      14.5772      -3.1778     -19.6099      16.4321     -24.6983      -9.0088       0.6729      -2.9099
     0.85000      14.4870      -3.1652     -19.6098      16.4446     -24.6962      -9.0068       0.6721      -2.9071
     0.85200      14.3963      -3.1524     -19.6097      16.4573     -24.6941      -9.0049       0.6712      -2.9043
     0.85400      14.3052      -3.1395     -19.6096      16.4701     -24.6920      -9.0029       0.6703      -2.9014
     0.85600      14.2137      -3.1264     -19.6095      16.4832     -24.6899      -9.0009       0.6693      -2.8985
     0.85800      14.1218      -3.1130     -19.6094      16.4964     -24.6878      -8.9990       0.6684      -2.8956
     0.86000      14.0294      -3.0995     -19.6093      16.5098     -24.6857      -8.9970       0.6675      -2.8926
     0.86200      13.9367      -3.0858     -19.6093      16.5234     -24.6837      -8.9951       0.6665      -2.8896
     0.86400      13.8435      -3.0720     -19.6092      16.5372     -24.6816      -8.9931       0.6655      -2.8866
     0.86600      13.7500      -3.0579     -19.6091      16.5511     -24.6795      -8.9912       0.6646      -2.8835
     0.86800      13.6561      -3.0437     -19.6090      16.5653     -24.6774      -8.9892       0.6636      -2.8804
     0.87000      13.5619      -3.0293     -19.6089      16.5796     -24.6753      -8.9873       0.6626      -2.8772
     0.87200      13.4673      -3.0147     -19.6088      16.5941     -24.6732      -8.9853       0.6615      -2.8740
     0.87400      13.3723      -3.0000     -19.6087      16.6087     -24.6711      -8.9834       0.6605      -2.8707
     0.87600      13.2770      -2.9850     -19.6086      16.6236     -24.6691      -8.9814       0.6595      -2.8675
     0.87800      13.1814      -2.9699     -19.6085      16.6386     -24.6670      -8.9795       0.6584      -2.8641
     0.88000      13.0855      -2.9546     -19.6084      16.6537     -24.6649      -8.9775       0.6573      -2.8608
     0.88200      12.9893      -2.9392     -19.6083      16.6691     -24.6628      -8.9756       0.6562      -2.8574
     0.88400      12.8928      -2.9236     -19.6082      16.6846     -24.6607      -8.9736       0.6551      -2.8540
     0.88600      12.7960      -2.9078     -19.6081      16.7003     -24.6587      -8.9717       0.6540      -2.8505
     0.88800      12.6989      -2.8918     -19.6080      16.7162     -24.6566      -8.9697       0.6529      -2.8470
     0.89000      12.6016      -2.8757     -19.6079      16.7322     -24.6545      -8.9678       0.6518      -2.8435
     0.89200      12.5040      -2.8594     -19.6078      16.7484     -24.6524      -8.9659       0.6506      -2.8399
     0.89400      12.4062      -2.8429     -19.6077      16.7648     -24.6504      -8.9639       0.6495      -2.8363
     0.89600      12.3081      -2.8262     -19.6076      16.7813     -24.6483      -8.9620       0.6483      -2.8327
     0.89800      12.2098      -2.8094     -19.6074      16.7980     -24.6462      -8.9601       0.6471      -2.8290
     0.90000      12.1113      -2.7925     -19.6073      16.8149     -24.6441      -8.9581       0.6459      -2.8253
     0.90200      12.0126      -2.7753     -19.6072      16.8319     -24.6421      -8.9562       0.6447      -2.8216
     0.90400      11.9137      -2.7581     -19.6071      16.8491     -24.6400      -8.9543       0.6435      -2.8178
     0.90600      11.8146      -2.7406     -19.6070      16.8664     -24.6379      -8.9523       0.6423      -2.8140
     0.90800      11.7153      -2.7230     -19.6069      16.8839     -24.6358      -8.9504       0.6411      -2.8101
     0.91000      11.6158      -2.7052     -19.6068      16.9015     -24.6338      -8.9485       0.6398      -2.8063
     0.91200      11.5162      -2.6873     -19.6066      16.9193     -24.6317      -8.9466       0.6385      -2.8023
     0.91400      11.4165      -2.6692     -19.6065      16.9373     -24.6296      -8.9447       0.6373      -2.7984
     0.91600      11.3166      -2.6510     -19.6064      16.9554     -24.6276      -8.9427       0.6360      -2.7944
